start=1373.038000
volume=101.619980
aid=1
sid=2
