start=2210.020000
pause=yes
volume=100.659866
fullscreen=yes
gamma=1.000000
brightness=2.000000
saturation=2.000000
deinterlace=yes
panscan=0.200000
aid=1
sid=1
sub-pos=99
ab-loop-a=2.600000
ab-loop-b=18.960000
