start=38.247000
brightness=2.000000
sid=1
