start=557.935000
volume=100.240128
fullscreen=yes
aid=2
sid=2
