start=1054.470000
volume=100.219994
aid=2
sid=1
