start=1392.600000
gamma=1.000000
vid=1
