start=1746.792000
volume=100.940018
fullscreen=yes
brightness=7.000000
aid=1
