start=912.954000
pause=yes
volume=100.199989
fullscreen=yes
aid=2
sid=3
