start=4326.323478
volume=99.000000
sid=2
