start=692.667000
volume=100.500031
aid=2
sid=1
