start=3.200000
volume=101.380020
