start=6536.071000
gamma=3.000000
brightness=3.000000
contrast=-1.000000
saturation=2.000000
sid=1
