start=902.325000
volume=100.219994
gamma=1.000000
brightness=1.000000
saturation=-1.000000
aid=1
sid=2
