start=1028.704633
volume=100.500008
vid=1
