start=1115.344000
volume=100.699997
sid=1
