start=10003.493500
gamma=2.000000
brightness=7.000000
saturation=2.000000
sid=no
